1230.0 0.0
1230.0 5.366
1230.0 10.734
1230.0 16.101
1230.0 21.469
1230.0 26.838
1230.0 32.208
1230.0 37.579
1230.0 42.952
1230.0 48.326
1230.0 53.702
1230.0 59.081
1230.0 64.461
1230.0 69.844
1230.0 75.23
1230.0 80.618
1230.0 86.009
1230.0 91.404
1230.0 96.803
1230.0 102.205
1230.0 107.611
1230.0 113.021
1230.0 118.435
1230.0 123.854
1230.0 129.278
1230.0 134.706
1230.0 140.14
1230.0 145.58
1230.0 151.025
1230.0 156.475
1230.0 161.932
1230.0 167.395
1230.0 172.865
1230.0 178.341
1230.0 183.824
1230.0 189.315
1230.0 194.812
1230.0 200.318
1230.0 205.831
1230.0 211.352
1230.0 216.882
1230.0 222.42
1230.0 227.967
1230.0 233.522
1230.0 239.087
1230.0 244.662
1230.0 250.246
1230.0 255.84
1230.0 261.444
1230.0 267.059
1230.0 272.684
1230.0 278.32
1230.0 283.967
1230.0 289.626
1230.0 295.296
1230.0 300.979
1230.0 306.673
1230.0 312.38
1230.0 318.099
1230.0 323.831
1230.0 329.577
1230.0 335.336
1230.0 341.109
1230.0 346.895
1230.0 352.696
1230.0 358.512
1230.0 364.342
1230.0 370.187
1230.0 376.048
1230.0 381.925
1230.0 387.817
1230.0 393.726
1230.0 399.651
1213.038 400.0
1195.473 400.0
1178.362 400.0
1161.684 400.0
1145.424 400.0
1130.0 401.93
1130.0 407.494
1130.0 413.074
1130.0 418.672
1130.0 424.289
1130.0 429.924
1130.0 435.578
1130.0 441.25
1130.0 446.942
1130.0 452.654
1130.0 458.386
1130.0 464.138
1130.0 469.911
1130.0 475.705
1130.0 481.52
1130.0 487.356
1130.0 493.215
1130.0 499.096
1130.0 505.0
1130.0 510.927
1130.0 516.877
1130.0 522.851
1130.0 528.85
1130.0 534.873
1130.0 540.92
1130.0 546.993
1130.0 553.092
1130.0 559.217
1130.0 565.369
1130.0 571.547
1130.0 577.753
1130.0 583.986
1130.0 590.248
1130.0 596.538
1130.0 602.857
1130.0 609.206
1130.0 615.584
1130.0 621.993
1130.0 628.433
1130.0 634.905
1130.0 641.408
1130.0 647.943
1130.0 654.511
1130.0 661.113
1130.0 667.748
1130.0 674.417
1130.0 681.122
1130.0 687.861
1130.0 694.637
1130.0 701.449
1130.0 708.298
1130.0 715.185
1130.0 722.11
1130.0 729.073
1130.0 736.076
1130.0 743.119
1122.454 750.0
1111.921 750.0
1101.523 750.0
1091.257 750.0
1081.121 750.0
1071.111 750.0
1061.225 750.0
1051.461 750.0
1041.816 750.0
1032.286 750.0
1022.871 750.0
1013.567 750.0
1004.372 750.0
995.284 750.0
986.3 750.0
977.419 750.0
968.638 750.0
959.956 750.0
951.37 750.0
942.879 750.0
934.481 750.0
926.173 750.0
917.954 750.0
909.823 750.0
901.777 750.0
893.815 750.0
885.936 750.0
878.137 750.0
870.418 750.0
862.776 750.0
855.211 750.0
847.721 750.0
840.304 750.0
832.959 750.0
825.686 750.0
818.481 750.0
811.345 750.0
804.277 750.0
797.273 750.0
790.335 750.0
783.46 750.0
776.648 750.0
769.897 750.0
763.206 750.0
756.574 750.0
750.0 750.0
743.483 750.0
737.023 750.0
730.618 750.0
724.267 750.0
717.969 750.0
711.723 750.0
705.53 750.0
699.386 750.0
693.293 750.0
687.248 750.0
681.252 750.0
675.303 750.0
669.401 750.0
663.544 750.0
657.732 750.0
651.965 750.0
646.241 750.0
640.561 750.0
634.922 750.0
629.325 750.0
623.768 750.0
618.252 750.0
612.776 750.0
607.338 750.0
601.939 750.0
596.577 750.0
591.252 750.0
585.964 750.0
580.712 750.0
575.495 750.0
570.313 750.0
565.166 750.0
560.052 750.0
554.971 750.0
549.923 750.0
544.907 750.0
539.923 750.0
534.97 750.0
530.048 750.0
525.156 750.0
520.294 750.0
515.461 750.0
510.657 750.0
505.881 750.0
501.134 750.0
496.414 750.0
491.722 750.0
487.056 750.0
482.416 750.0
477.803 750.0
473.215 750.0
468.652 750.0
464.114 750.0
459.601 750.0
455.111 750.0
450.645 750.0
446.203 750.0
441.784 750.0
437.387 750.0
433.013 750.0
428.66 750.0
424.33 750.0
420.02 750.0
415.732 750.0
411.464 750.0
407.217 750.0
402.99 750.0
398.782 750.0
394.594 750.0
390.425 750.0
386.275 750.0
382.144 750.0
378.031 750.0
373.936 750.0
369.859 750.0
365.799 750.0
361.757 750.0
357.732 750.0
353.723 750.0
349.731 750.0
345.755 750.0
341.795 750.0
337.85 750.0
333.922 750.0
330.008 750.0
326.109 750.0
322.225 750.0
318.356 750.0
314.501 750.0
310.66 750.0
306.833 750.0
303.02 750.0
299.22 750.0
295.433 750.0
291.659 750.0
287.898 750.0
284.15 750.0
280.414 750.0
276.69 750.0
272.978 750.0
269.278 750.0
265.589 750.0
261.912 750.0
258.246 750.0
254.591 750.0
250.946 750.0
247.313 750.0
243.69 750.0
240.077 750.0
236.474 750.0
232.881 750.0
229.298 750.0
225.724 750.0
222.16 750.0
218.605 750.0
215.059 750.0
211.522 750.0
207.993 750.0
204.473 750.0
200.962 750.0
197.459 750.0
193.963 750.0
190.476 750.0
186.996 750.0
183.524 750.0
180.059 750.0
176.602 750.0
173.151 750.0
169.708 750.0
166.271 750.0
162.841 750.0
159.417 750.0
156.0 750.0
152.589 750.0
149.184 750.0
145.785 750.0
142.392 750.0
139.004 750.0
135.622 750.0
132.245 750.0
128.874 750.0
125.507 750.0
122.145 750.0
118.788 750.0
115.436 750.0
112.088 750.0
108.745 750.0
105.406 750.0
102.071 750.0
98.739 750.0
95.412 750.0
92.088 750.0
88.768 750.0
85.452 750.0
82.138 750.0
78.828 750.0
75.521 750.0
72.217 750.0
68.915 750.0
65.616 750.0
62.32 750.0
59.026 750.0
55.735 750.0
52.445 750.0
49.158 750.0
45.872 750.0
42.588 750.0
39.306 750.0
36.025 750.0
32.746 750.0
29.468 750.0
26.191 750.0
22.915 750.0
19.639 750.0
16.365 750.0
13.091 750.0
9.818 750.0
6.545 750.0
3.273 750.0
.0 -750.0
3.273 -750.0
6.545 -750.0
9.818 -750.0
13.091 -750.0
16.365 -750.0
19.639 -750.0
22.915 -750.0
26.191 -750.0
29.468 -750.0
32.746 -750.0
36.025 -750.0
39.306 -750.0
42.588 -750.0
45.872 -750.0
49.158 -750.0
52.445 -750.0
55.735 -750.0
59.026 -750.0
62.32 -750.0
65.616 -750.0
68.915 -750.0
72.217 -750.0
75.521 -750.0
78.828 -750.0
82.138 -750.0
85.452 -750.0
88.768 -750.0
92.088 -750.0
95.412 -750.0
98.739 -750.0
102.071 -750.0
105.406 -750.0
108.745 -750.0
112.088 -750.0
115.436 -750.0
118.788 -750.0
122.145 -750.0
125.507 -750.0
128.874 -750.0
132.245 -750.0
135.622 -750.0
139.004 -750.0
142.392 -750.0
145.785 -750.0
149.184 -750.0
152.589 -750.0
156 -750.0
159.417 -750.0
162.841 -750.0
166.271 -750.0
169.708 -750.0
173.151 -750.0
176.602 -750.0
180.059 -750.0
183.524 -750.0
186.996 -750.0
190.476 -750.0
193.963 -750.0
197.459 -750.0
200.962 -750.0
204.473 -750.0
207.993 -750.0
211.522 -750.0
215.059 -750.0
218.605 -750.0
222.16 -750.0
225.724 -750.0
229.298 -750.0
232.881 -750.0
236.474 -750.0
240.077 -750.0
243.69 -750.0
247.313 -750.0
250.946 -750.0
254.591 -750.0
258.246 -750.0
261.912 -750.0
265.589 -750.0
269.278 -750.0
272.978 -750.0
276.69 -750.0
280.414 -750.0
284.15 -750.0
287.898 -750.0
291.659 -750.0
295.433 -750.0
299.22 -750.0
303.02 -750.0
306.833 -750.0
310.66 -750.0
314.501 -750.0
318.356 -750.0
322.225 -750.0
326.109 -750.0
330.008 -750.0
333.922 -750.0
337.85 -750.0
341.795 -750.0
345.755 -750.0
349.731 -750.0
353.723 -750.0
357.732 -750.0
361.757 -750.0
365.799 -750.0
369.859 -750.0
373.936 -750.0
378.031 -750.0
382.144 -750.0
386.275 -750.0
390.425 -750.0
394.594 -750.0
398.782 -750.0
402.99 -750.0
407.217 -750.0
411.464 -750.0
415.732 -750.0
420.02 -750.0
424.33 -750.0
428.66 -750.0
433.013 -750.0
437.387 -750.0
441.784 -750.0
446.203 -750.0
450.645 -750.0
455.111 -750.0
459.601 -750.0
464.114 -750.0
468.652 -750.0
473.215 -750.0
477.803 -750.0
482.416 -750.0
487.056 -750.0
491.722 -750.0
496.414 -750.0
501.134 -750.0
505.881 -750.0
510.657 -750.0
515.461 -750.0
520.294 -750.0
525.156 -750.0
530.048 -750.0
534.97 -750.0
539.923 -750.0
544.907 -750.0
549.923 -750.0
554.971 -750.0
560.052 -750.0
565.166 -750.0
570.313 -750.0
575.495 -750.0
580.712 -750.0
585.964 -750.0
591.252 -750.0
596.577 -750.0
601.939 -750.0
607.338 -750.0
612.776 -750.0
618.252 -750.0
623.768 -750.0
629.325 -750.0
634.922 -750.0
640.561 -750.0
646.241 -750.0
651.965 -750.0
657.732 -750.0
663.544 -750.0
669.401 -750.0
675.303 -750.0
681.252 -750.0
687.248 -750.0
693.293 -750.0
699.386 -750.0
705.53 -750.0
711.723 -750.0
717.969 -750.0
724.267 -750.0
730.618 -750.0
737.023 -750.0
743.483 -750.0
750.0 -750.0
756.574 -750.0
763.206 -750.0
769.897 -750.0
776.648 -750.0
783.46 -750.0
790.335 -750.0
797.273 -750.0
804.277 -750.0
811.345 -750.0
818.481 -750.0
825.686 -750.0
832.959 -750.0
840.304 -750.0
847.721 -750.0
855.211 -750.0
862.776 -750.0
870.418 -750.0
878.137 -750.0
885.936 -750.0
893.815 -750.0
901.777 -750.0
909.823 -750.0
917.954 -750.0
926.173 -750.0
934.481 -750.0
942.879 -750.0
951.37 -750.0
959.956 -750.0
968.638 -750.0
977.419 -750.0
986.3 -750.0
995.284 -750.0
1004.372 -750.0
1013.567 -750.0
1022.871 -750.0
1032.286 -750.0
1041.816 -750.0
1051.461 -750.0
1061.225 -750.0
1071.111 -750.0
1081.121 -750.0
1091.257 -750.0
1101.523 -750.0
1111.921 -750.0
1122.454 -750.0
1130.0 -743.119
1130.0 -736.076
1130.0 -729.073
1130.0 -722.11
1130.0 -715.185
1130.0 -708.298
1130.0 -701.449
1130.0 -694.637
1130.0 -687.861
1130.0 -681.122
1130.0 -674.417
1130.0 -667.748
1130.0 -661.113
1130.0 -654.511
1130.0 -647.943
1130.0 -641.408
1130.0 -634.905
1130.0 -628.433
1130.0 -621.993
1130.0 -615.584
1130.0 -609.206
1130.0 -602.857
1130.0 -596.538
1130.0 -590.248
1130.0 -583.986
1130.0 -577.753
1130.0 -571.547
1130.0 -565.369
1130.0 -559.217
1130.0 -553.092
1130.0 -546.993
1130.0 -540.92
1130.0 -534.873
1130.0 -528.85
1130.0 -522.851
1130.0 -516.877
1130.0 -510.927
1130.0 -505
1130.0 -499.096
1130.0 -493.215
1130.0 -487.356
1130.0 -481.52
1130.0 -475.705
1130.0 -469.911
1130.0 -464.138
1130.0 -458.386
1130.0 -452.654
1130.0 -446.942
1130.0 -441.25
1130.0 -435.578
1130.0 -429.924
1130.0 -424.289
1130.0 -418.672
1130.0 -413.074
1130.0 -407.494
1130.0 -401.93
1145.424 -400.0
1161.684 -400.0
1178.362 -400.0
1195.474 -400.0
1213.038 -400.0
1230.0 -399.651
1230.0 -393.726
1230.0 -387.818
1230.0 -381.925
1230.0 -376.049
1230.0 -370.188
1230.0 -364.343
1230.0 -358.512
1230.0 -352.697
1230.0 -346.896
1230.0 -341.109
1230.0 -335.336
1230.0 -329.578
1230.0 -323.832
1230.0 -318.1
1230.0 -312.38
1230.0 -306.673
1230.0 -300.979
1230.0 -295.297
1230.0 -289.627
1230.0 -283.968
1230.0 -278.321
1230.0 -272.684
1230.0 -267.059
1230.0 -261.445
1230.0 -255.84
1230.0 -250.246
1230.0 -244.662
1230.0 -239.088
1230.0 -233.523
1230.0 -227.967
1230.0 -222.42
1230.0 -216.882
1230.0 -211.353
1230.0 -205.831
1230.0 -200.318
1230.0 -194.813
1230.0 -189.315
1230.0 -183.825
1230.0 -178.342
1230.0 -172.865
1230.0 -167.396
1230.0 -161.933
1230.0 -156.476
1230.0 -151.025
1230.0 -145.58
1230.0 -140.141
1230.0 -134.707
1230.0 -129.278
1230.0 -123.854
1230.0 -118.436
1230.0 -113.021
1230.0 -107.611
1230.0 -102.205
1230.0 -96.803
1230.0 -91.405
1230.0 -86.01
1230.0 -80.618
1230.0 -75.23
1230.0 -69.844
1230.0 -64.462
1230.0 -59.081
1230.0 -53.703
1230.0 -48.327
1230.0 -42.953
1230.0 -37.58
1230.0 -32.209
1230.0 -26.839
1230.0 -21.47
1230.0 -16.102
1230.0 -10.734
1230.0 -5.367
1230.0 0.0