1381.5 0
1375.99 6.00391
1358.95 11.8594
1362.88 17.8411
1364.79 23.8225
1365.67 29.7991
1365.53 35.7577
1366.36 41.7461
1367.17 47.7425
1366.95 53.7074
1365.7 59.6277
1365.43 65.5861
1367.12 71.6479
1365.8 77.5557
1366.45 83.5754
1368.06 89.6677
1367.66 95.6361
1365.24 101.455
1370.76 107.881
1372.27 114.027
1371.76 120.013
1371.22 125.998
1370.66 131.98
1370.07 137.959
1370.45 144.04
1369.81 150.019
1370.14 156.107
1370.43 162.202
1370.71 168.302
1370.95 174.407
1372.16 180.648
1372.35 186.769
1371.52 192.755
1371.66 198.881
1368.8 204.568
1365.92 210.235
1366.96 216.505
1368.96 222.95
1368.96 229.086
1370.91 235.565
1367.9 241.197
1368.8 247.519
1370.66 254.036
1370.52 260.201
1369.37 266.179
1370.16 272.541
1370.91 278.916
1368.71 284.691
1369.41 291.076
1372.03 297.897
1374.62 304.747
1377.18 311.625
1375.81 317.631
1374.41 323.631
1374.93 330.092
1375.42 336.563
1374.91 342.803
1374.37 349.045
1374.77 355.54
1375.14 362.044
1376.44 368.817
1376.75 375.346
1377.99 382.151
1377.27 388.431
1376.53 394.713
1377.67 401.555
1376.87 407.846
1376.99 414.426
1378.04 421.308
1378.09 427.909
1378.12 434.52
1378.12 441.139
1378.08 447.766
1378.01 454.401
1378.86 461.361
1378.73 468.016
1379.51 475.004
1379.31 481.678
1379.08 488.359
1379.76 495.386
1379.47 502.086
1379.14 508.792
1379.72 515.855
1381.19 523.288
1380.77 530.026
1381.24 537.133
1381.67 544.254
1381.14 551.019
1381.5 558.164
1381.83 565.322
1382.12 572.494
1382.38 579.68
1381.68 586.487
1380.94 593.3
1381.09 600.516
1382.12 608.148
1382.19 615.393
1382.23 622.65
1383.14 630.334
1383.1 637.619
1383.03 644.915
1382.01 651.797
1383.66 659.974
0 0
1380.55 673.338
0 0
0 0
0 0
1307.68 710.012
1295.8 710.901
1283.07 711.216
1268.61 710.455
1259.4 712.537
1246.73 712.567
1233.22 712
1223.19 713.344
1211.45 713.599
1200.59 714.276
1191.46 715.903
1179.78 715.907
1168.12 715.823
1159.03 717.23
1148.26 717.511
1137.5 717.712
1127.61 718.37
1119.42 720.037
1108.72 720.013
1099.72 721.006
1092.39 723.037
1079.25 721.13
1071.12 722.477
1063.82 724.33
1051.59 722.734
1042.67 723.326
1032.95 723.28
1024.89 724.317
1016.02 724.717
1007.16 725.054
999.945 726.503
991.12 726.72
981.509 726.279
973.523 726.964
965.55 727.594
957.59 728.169
948.851 728.079
935.386 724.253
927.489 724.634
918.821 724.34
911.738 725.23
903.886 725.445
896.049 725.606
889.003 726.346
881.195 726.401
873.404 726.403
866.396 726.993
859.4 727.536
852.415 728.031
845.443 728.48
837.728 728.226
831.535 729.236
823.102 728.219
816.933 729.14
810.028 729.352
803.137 729.518
796.997 730.313
789.397 729.711
781.817 729.056
775.715 729.72
769.622 730.344
764.261 731.621
756.746 730.781
749.968 730.587
744.633 731.749
737.883 731.471
731.856 731.856
725.839 732.201
720.535 733.221
715.235 734.21
707.857 733.007
701.886 733.199
695.927 733.354
689.979 733.47
684.726 734.279
678.801 734.323
672.212 733.591
667.66 735.037
660.432 733.484
656.559 735.613
650.693 735.475
645.5 736.051
637.689 733.578
632.524 734.081
625.418 732.271
620.925 733.466
616.433 734.637
610.664 734.244
605.546 734.587
600.437 734.899
594.708 734.403
590.246 735.431
584.541 734.869
579.472 735.057
573.797 734.426
568.75 734.551
563.713 734.645
559.292 735.506
554.873 736.342
548.664 734.75
544.263 735.529
539.866 736.284
535.472 737.014
529.914 736.098
524.955 735.96
520.008 735.794
515.645 736.418
511.287 737.017
506.367 736.769
502.585 738.145
497.682 737.843
492.791 737.514
487.912 737.155
483.595 737.604
478.738 737.191
474.976 738.432
470.674 738.811
466.379 739.166
462.09 739.498
456.227 737.255
451.961 737.534
447.701 737.789
443.448 738.021
439.201 738.23
434.96 738.416
430.727 738.579
426.5 738.72
422.28 738.837
418.56 739.802
414.351 739.877
410.149 739.928
405.954 739.957
401.768 739.964
397.589 739.948
393.417 739.91
389.719 740.735
385.098 739.767
380.951 739.662
376.812 739.535
373.132 740.279
369.452 741.006
364.446 739.023
360.779 739.708
356.68 739.473
353.019 740.12
348.933 739.844
344.856 739.547
340.789 739.229
336.731 738.889
333.093 739.439
329.457 739.972
325.822 740.487
321.791 740.068
317.769 739.627
314.148 740.086
310.529 740.527
306.529 740.027
302.919 740.432
299.311 740.82
295.705 741.19
292.101 741.543
288.138 740.946
284.186 740.329
280.599 740.627
277.014 740.908
273.779 742.109
269.512 740.478
265.94 740.706
262.372 740.916
258.807 741.11
255.245 741.286
251.687 741.446
248.132 741.589
244.581 741.715
241.033 741.824
237.794 742.869
233.949 741.992
230.413 742.051
226.881 742.092
223.352 742.118
219.828 742.126
216.308 742.119
213.068 743.055
209.552 743.015
206.041 742.959
202.534 742.886
199.032 742.797
195.534 742.691
192.041 742.569
188.307 741.462
185.07 742.276
181.592 742.105
178.119 741.918
174.88 742.688
171.413 742.47
167.951 742.235
164.711 742.961
161.255 742.696
157.805 742.414
154.564 743.096
151.121 742.783
147.878 743.435
144.442 743.092
141.012 742.733
137.77 743.341
134.525 743.935
131.104 743.53
127.859 744.095
124.611 744.646
121.2 744.195
117.795 743.729
114.549 744.236
111.448 745.718
107.906 744.218
104.658 744.682
101.408 745.131
98.1557 745.566
94.9016 745.988
91.5239 745.402
88.2706 745.794
85.0156 746.172
81.6502 745.542
78.3963 745.891
75.2412 747.221
71.9802 747.543
68.5347 745.858
65.2797 746.15
62.0233 746.428
58.7659 746.691
55.5073 746.94
52.2476 747.176
48.987 747.396
45.7253 747.603
42.4629 747.795
39.1473 746.975
35.9356 748.137
32.6273 747.288
29.3663 747.423
26.1048 747.544
22.8428 747.651
19.5542 746.744
16.2958 746.822
13.0544 747.886
9.79102 747.936
6.53619 748.971
3.26379 747.993
-3.27398e-05 749
-3.26813 748.993
-6.53617 748.971
-9.80408 748.936
-13.0718 748.886
-16.3394 748.822
-19.6589 750.743
-22.9039 749.65
-26.1746 749.543
-29.4841 750.421
-32.7582 750.285
-36.0316 750.135
-39.3566 750.969
-42.6329 750.791
-45.9695 751.596
-49.314 752.386
-52.5964 752.163
-55.9519 752.924
-59.1581 751.676
-62.4373 751.41
-65.7154 751.131
-69.1752 752.828
-72.4594 752.519
-75.7421 752.196
-79.1281 752.853
-82.4122 752.501
-85.808 753.128
-89.2109 753.739
-92.4988 753.343
-95.9112 753.924
-99.3304 754.49
-102.622 754.049
-105.911 753.594
-109.341 754.114
-112.631 753.63
-116.07 754.12
-119.359 753.606
-122.807 754.065
-126.261 754.508
-129.891 755.922
-133.362 756.332
-136.839 756.727
-140.321 757.106
-143.623 756.487
-147.114 756.835
-150.61 757.166
-154.111 757.482
-157.822 758.76
-161.132 758.064
-164.438 757.354
-167.957 757.606
-171.482 757.841
-175.012 758.06
-178.547 758.262
-182.087 758.448
-185.395 757.647
-188.941 757.801
-192.492 757.939
-196.298 759.028
-199.863 759.131
-203.173 758.252
-207.006 759.288
-210.584 759.341
-214.167 759.377
-217.754 759.397
-221.625 760.359
-225.224 760.344
-228.828 760.312
-232.436 760.262
-236.047 760.196
-239.663 760.112
-243.587 760.964
-247.214 760.845
-251.157 761.659
-254.796 761.504
-258.759 762.279
-262.408 762.088
-266.06 761.88
-270.05 762.597
-273.713 762.353
-277.378 762.091
-281.393 762.75
-285.069 762.451
-288.747 762.135
-293.145 763.669
-296.837 763.315
-300.897 763.873
-304.598 763.481
-308.676 764
-312.385 763.571
-316.096 763.125
-0 0
-323.525 762.178
-328.032 763.516
-332.158 763.911
-336.293 764.285
-340.032 763.724
-344.182 764.057
-347.928 763.457
-352.512 764.656
-356.267 764.017
-360.451 764.265
-364.212 763.587
-368.844 764.693
-373.931 766.671
-378.157 766.826
-381.945 766.064
-386.634 767.069
-390.886 767.157
-395.603 768.111
-399.874 768.151
-404.153 768.169
-408.91 769.047
-412.735 768.137
-417.514 768.965
-422.308 769.766
-426.632 769.665
-431.452 770.414
-435.795 770.265
-440.144 770.092
-444.5 769.897
-448.863 769.677
-453.739 770.296
-458.119 770.028
-464.049 772.308
-467.933 771.131
-472.861 771.639
-476.75 770.419
-481.697 770.876
-487.19 772.149
-491.629 771.703
-496.615 772.074
-501.613 772.416
-507.171 773.565
-511.094 772.178
-517.236 774.098
-522.286 774.321
-527.911 775.341
-532.988 775.503
-537.507 774.813
-542.03 774.099
-548.865 776.626
-552.829 775.038
-559.127 776.676
-564.274 776.656
-569.431 776.606
-574.599 776.526
-579.178 775.614
-585.566 777.072
-591.372 777.694
-0 0
-599.361 774.085
-606.427 776.191
-611.046 775.108
-617.534 776.347
-623.42 776.765
-629.32 777.146
-634.604 776.716
-639.895 776.254
-647.752 778.837
-652.429 777.535
-659.046 778.497
-664.385 777.895
-671.037 778.777
-677.053 778.86
-683.082 778.906
-690.45 780.412
-695.846 779.63
-701.918 779.559
-707.33 778.709
-714.099 779.302
-720.886 779.85
-728.374 781.086
-734.516 780.814
-742.046 781.954
-746.834 780.153
-755.094 781.922
-761.289 781.485
-768.898 782.436
-775.824 782.624
-782.06 782.06
-789.016 782.16
-796.701 782.916
-805.123 784.316
-810.696 782.88
-819.161 784.176
-827.652 785.412
-833.985 784.534
-841.788 784.98
-850.346 786.051
-858.191 786.387
-866.055 786.669
-873.195 786.228
-883.332 788.404
-890.508 787.855
-0 0
-902.633 784.646
-916.654 789.839
-920.091 785.832
-928.854 786.333
-937.638 786.772
-947.213 787.789
-956.814 788.737
-966.442 789.616
-976.095 790.427
-985.774 791.167
-993.13 789.971
-1003.64 791.202
-1013.38 791.741
-1023.15 792.209
-1032.15 791.999
-1043.56 793.54
-1053.4 793.794
-1064.06 794.575
-1072.34 793.494
-1081.44 792.946
-1092.17 793.51
-1106.18 796.332
-1156.86 825.179
-1098.38 776.26
-1104.22 773.181
-1120.73 777.476
-1121.64 770.879
-1122.51 764.289
-1123.35 757.707
-1124.15 751.131
-1124.91 744.563
-1125.64 738.003
-1125.5 730.906
-1126.15 724.365
-1126.77 717.832
-1124.82 709.707
-1123.66 702.143
-1124.17 695.655
-1123.78 688.653
-1125.06 682.706
-1125.46 676.245
-1125.82 669.794
-1126.15 663.353
-1126.44 656.921
-1126.7 650.5
-1127.79 644.585
-1127.11 637.689
-1129.01 632.276
-1129.13 625.889
-1129.22 619.513
-1129.28 613.149
-1129.3 606.796
-1130.17 600.924
-1130.13 594.59
-1130.05 588.268
-1129.94 581.958
-1130.69 576.114
-1131.4 570.275
-1132.09 564.44
-1131.85 558.168
-1132.48 552.348
-1133.08 546.532
-1132.74 540.291
-1133.28 534.491
-1132.88 528.273
-1133.36 522.487
-1133.81 516.708
-1134.23 510.934
-1134.62 505.167
-1134.99 499.406
-1136.24 494.05
-1136.54 488.298
-1135.9 482.162
-1136.15 476.428
-1136.37 470.701
-1137.49 465.359
-1137.65 459.642
-1137.79 453.933
-1137.9 448.231
-1139.85 443.262
-1158.57 444.735
-1177.34 446.052
-1192.38 445.814
-1215.9 448.568
-1259.19 458.307
-1224.47 439.63
-1241.46 439.624
-1240.53 433.213
-1240.52 427.145
-1241.43 421.407
-1241.36 415.352
-1242.21 409.618
-1241.13 403.267
-1241.92 397.543
-1241.74 391.519
-1241.53 385.504
-1241.28 379.499
-1241.97 373.79
-1242.63 368.084
-1242.3 362.099
-1243.87 356.675
-1243.49 350.701
-1243.08 344.738
-1242.65 338.784
-1243.15 333.1
-1244.59 327.673
-1245.04 321.989
-1244.49 316.061
-1244.89 310.386
-1244.29 304.476
-1244.63 298.81
-1244.95 293.147
-1245.24 287.488
-1245.51 281.831
-1245.75 276.177
-1245.97 270.527
-1246.16 264.879
-1246.32 259.236
-1247.44 253.795
-1246.58 247.96
-1246.67 242.327
-1247.71 236.886
-1247.75 231.257
-1247.76 225.633
-1247.75 220.012
-1247.71 214.397
-1247.65 208.785
-1247.56 203.179
-1247.45 197.577
-1248.3 192.132
-1248.14 186.535
-1247.95 180.944
-1249.72 175.637
-1249.48 170.047
-1249.22 164.463
-1249.93 159.011
-1250.61 153.555
-1251.27 148.097
-1250.91 142.523
-1251.52 137.063
-1252.1 131.601
-1250.68 125.936
-1251.21 120.478
-1251.73 115.018
-1251.22 109.468
-1250.69 103.924
-1251.13 98.4661
-1251.55 93.0061
-1251.94 87.5444
-1252.31 82.081
-1251.66 76.5549
-1251.98 71.0928
-1253.28 65.6817
-1253.55 60.2127
-1252.81 54.6989
-1253.03 49.2317
-1253.24 43.7639
-1253.42 38.2953
-1254.57 32.8521
-1253.7 27.3559
-1253.81 21.8854
-1253.89 16.4144
-1253.95 10.9432
-1253.99 5.47175
-1254 -0.000109628
-1253.99 -5.47167
-1255.95 -10.9606
-1254.89 -16.4275
-1254.81 -21.9028
-1254.7 -27.3776
-1255.57 -32.8782
-1255.41 -38.3563
-1255.23 -43.8336
-1256.03 -49.3494
-1256.8 -54.8733
-1255.55 -60.3086
-1256.28 -65.8387
-1255.98 -71.3195
-1255.65 -76.799
-1256.3 -82.3425
-1255.93 -87.8233
-1256.54 -93.3766
-1257.11 -98.9368
-1256.67 -104.421
-1257.2 -109.991
-1257.7 -115.567
-1258.18 -121.149
-1258.64 -126.738
-1259.06 -132.333
-1259.47 -137.934
-1258.86 -143.428
-1258.22 -148.92
-1259.54 -154.652
-1258.85 -160.147
-1258.14 -165.638
-1258.4 -171.261
-1258.63 -176.889
-1258.84 -182.523
-1259.02 -188.161
-1258.18 -193.653
-1258.31 -199.297
-1259.41 -205.107
-1259.49 -210.766
-1259.54 -216.429
-1259.57 -222.096
-1259.57 -227.768
-1259.55 -233.444
-1259.5 -239.124
-1260.41 -244.999
-1260.31 -250.691
-1261.16 -256.586
-1261.01 -262.29
-1260.83 -267.998
-1260.63 -273.709
-1260.4 -279.424
-1260.14 -285.141
-1259.86 -290.862
-1260.53 -296.814
-1261.16 -302.779
-1260.8 -308.516
-1261.38 -314.498
-1261.94 -320.491
-1262.46 -326.496
-1262.96 -332.51
-1262.47 -338.277
-1261.94 -344.045
-1263.32 -350.349
-1274.29 -359.387
-1270.79 -364.393
-1214.46 -353.984
-1230.17 -364.392
-1212.29 -364.856
-1198.25 -366.342
-1185.18 -368.008
-1169.26 -368.665
-1162.88 -372.239
-1163.14 -377.928
-1161.48 -382.999
-1161.7 -388.698
-1161.88 -394.406
-1161.1 -399.798
-1161.23 -405.52
-1162.28 -411.584
-1162.35 -417.327
-1161.46 -422.737
-1161.48 -428.493
-1162.41 -434.607
-1161.44 -440.029
-1162.31 -446.168
-1162.21 -451.96
-1162.09 -457.76
-1161.94 -463.567
-1162.69 -469.757
-1162.48 -475.583
-1162.24 -481.416
-1162.9 -487.643
-1163.52 -493.884
-1164.11 -500.14
-1163.75 -506.013
-1164.28 -512.294
-1164.77 -518.589
-1165.23 -524.899
-1164.75 -530.807
-1164.24 -536.722
-1165.51 -543.487
-1164.94 -549.42
-1164.33 -555.359
-1164.6 -561.738
-1164.84 -568.129
-1158.76 -571.437
-1146.41 -571.58
-1111.76 -560.373
-0 -0
-0 -0
-0 -0
-0 -0
-907.396 -508.166
-905.17 -512.121
-902.927 -516.065
-900.666 -520
-898.389 -523.925
-896.094 -527.84
-893.783 -531.745
-891.454 -535.639
-889.108 -539.524
-886.746 -543.399
-884.366 -547.263
-876.034 -547.407
-867.717 -547.489
-869.537 -553.956
-851.973 -548.007
-859.637 -558.255
-860.539 -564.194
-858.902 -568.495
-858.077 -573.349
-862.199 -581.561
-858.827 -584.754
-857.915 -589.629
-860.264 -596.787
-0 -0
-0 -0
-0 -0
-0 -0
-0 -0
-955.202 -726.353
-941.71 -722.6
-934.595 -723.641
-925.913 -723.402
-919.606 -724.959
-910.173 -723.984
-903.106 -724.819
-896.049 -725.606
-888.228 -725.713
-878.109 -723.857
-871.867 -725.124
-862.566 -723.779
-856.347 -724.951
-850.134 -726.083
-842.412 -725.869
-834.709 -725.601
-828.527 -726.599
-822.353 -727.557
-814.695 -727.143
-810.028 -729.352
-801.656 -728.173
-796.997 -730.313
-790.131 -730.39
-781.817 -729.056
-776.444 -730.405
-771.073 -731.721
-764.261 -731.621
-758.903 -732.865
-752.117 -732.68
-745.347 -732.45
-738.593 -732.175
-732.563 -732.563
-725.839 -732.201
-720.535 -733.221
-713.142 -732.06
-705.773 -730.849
-701.886 -733.199
-695.927 -733.354
-691.35 -734.926
-684.044 -733.548
-678.122 -733.588
-672.888 -734.328
-666.316 -733.556
-660.432 -733.484
-655.228 -734.121
-650.03 -734.726
-641.543 -731.54
-635.721 -731.314
-631.871 -733.323
-626.068 -733.031
-620.279 -732.703
-615.148 -733.105
-610.025 -733.475
-604.91 -733.815
-599.805 -734.124
-594.078 -733.626
-588.994 -733.871
-583.296 -733.304
-578.234 -733.486
-573.797 -734.426
-568.75 -734.551
-563.713 -734.645
-559.292 -735.506
-554.874 -736.342
-549.262 -735.551
-544.263 -735.529
-539.274 -735.477
-534.297 -735.396
-529.33 -735.286
-524.375 -735.146
-520.008 -735.794
-515.645 -736.418
-510.717 -736.196
-506.367 -736.769
-501.459 -736.491
-497.682 -737.843
-492.235 -736.682
-487.912 -737.155
-483.046 -736.768
-478.738 -737.191
-474.975 -738.432
-469.6 -737.124
-465.312 -737.475
-460.5 -736.954
-456.227 -737.255
-451.961 -737.534
-447.701 -737.789
-443.448 -738.021
-439.201 -738.23
-434.96 -738.416
-431.231 -739.443
-427 -739.586
-421.784 -737.969
-418.068 -738.932
-413.374 -738.132
-409.664 -739.054
-405.474 -739.081
-401.291 -739.085
-397.588 -739.948
-393.417 -739.91
-388.322 -738.08
-385.098 -739.767
-380.493 -738.773
-375.904 -737.753
-372.231 -738.494
-367.667 -737.426
-363.561 -737.229
-359.464 -737.011
-355.811 -737.672
-352.158 -738.315
-348.507 -738.94
-344.011 -737.735
-340.789 -739.229
-336.316 -737.979
-332.682 -738.527
-328.643 -738.145
-325.017 -738.656
-321.392 -739.15
-317.374 -738.708
-313.757 -739.165
-309.755 -738.683
-306.147 -739.104
-302.54 -739.507
-298.562 -738.966
-294.964 -739.332
-291.369 -739.682
-287.413 -739.082
-284.186 -740.329
-280.599 -740.627
-277.014 -740.908
-273.086 -740.233
-269.17 -739.538
-265.603 -739.764
-262.038 -739.974
-258.478 -740.166
-254.92 -740.341
-251.366 -740.499
-247.815 -740.641
-244.268 -740.765
-240.724 -740.873
-237.184 -740.964
-233.649 -741.038
-230.116 -741.095
-226.588 -741.136
-223.352 -742.118
-219.828 -742.126
-216.028 -741.159
-212.516 -741.133
-209.281 -742.053
-205.773 -741.995
-202.008 -740.957
-198.773 -741.831
-195.28 -741.724
-191.541 -740.633
-188.307 -741.462
-184.828 -741.306
-181.354 -741.134
-177.885 -740.946
-174.651 -741.715
-171.188 -741.496
-167.951 -742.235
-164.494 -741.985
-161.043 -741.718
-157.597 -741.436
-154.36 -742.116
-150.921 -741.803
-147.683 -742.454
-144.442 -743.092
-140.826 -741.75
-137.588 -742.357
-134.348 -742.951
-130.931 -742.545
-127.69 -743.109
-124.281 -742.673
-121.039 -743.208
-117.795 -743.729
-114.397 -743.248
-111.005 -742.751
-107.763 -743.228
-104.658 -744.682
-101.138 -743.149
-97.8948 -743.584
-94.6492 -744.004
-91.2803 -743.417
-88.0355 -743.808
-84.9023 -745.179
-81.5414 -744.548
-78.1872 -743.902
-74.9408 -744.236
-71.6926 -744.556
-68.4434 -744.862
-65.1053 -744.157
-61.7751 -743.438
-58.5305 -743.7
-55.2848 -743.949
-52.0384 -744.183
-48.7906 -744.403
-45.5423 -744.609
-42.2927 -744.8
-38.9904 -743.979
-35.7437 -744.142
-32.4966 -744.291
-29.2878 -745.425
-26.0352 -745.546
-22.7818 -745.652
-19.5279 -745.744
-16.274 -745.822
-13.0194 -745.886
-9.76495 -745.936
-6.50995 -745.972
-3.25518 -745.993
8.89596e-06 -746
3.25484 -745.993
6.50997 -745.972
9.77806 -746.936
13.0369 -746.886
16.2958 -746.822
19.5541 -746.744
22.8123 -746.652
26.0698 -746.545
29.3271 -746.424
32.6707 -748.287
35.8876 -747.139
39.1474 -746.975
42.4628 -747.795
45.7255 -747.603
48.9869 -747.396
52.2477 -747.175
55.5812 -747.938
58.8443 -747.688
62.106 -747.424
65.3668 -747.146
68.7175 -747.85
72.076 -748.538
75.3415 -748.216
78.6053 -747.88
81.9768 -748.524
85.2419 -748.16
88.6232 -748.774
91.8893 -748.38
95.154 -747.972
98.5471 -748.541
101.947 -749.095
105.354 -749.633
108.624 -749.166
111.892 -748.685
115.309 -749.178
118.734 -749.655
122.003 -749.13
125.436 -749.577
128.875 -750.008
132.32 -750.423
135.593 -749.839
139.046 -750.224
142.504 -750.592
145.969 -750.945
149.634 -752.262
152.915 -751.602
156.601 -752.886
160.092 -753.174
163.589 -753.445
167.091 -753.701
170.599 -753.94
174.112 -754.162
177.401 -753.396
180.92 -753.587
184.444 -753.761
187.973 -753.92
191.507 -754.062
195.046 -754.187
198.589 -754.296
202.138 -754.388
205.428 -753.499
208.98 -753.559
212.809 -754.565
216.375 -754.591
219.946 -754.599
223.52 -754.591
227.387 -755.524
230.973 -755.481
234.861 -756.376
238.46 -756.297
242.062 -756.202
245.669 -756.09
249.278 -755.961
252.892 -755.814
256.509 -755.65
260.455 -756.415
264.082 -756.215
267.713 -755.998
271.685 -756.706
275.668 -757.392
279.317 -757.12
282.967 -756.831
286.976 -757.46
290.636 -757.134
294.662 -757.722
298.698 -758.29
302.745 -758.837
306.428 -758.436
310.113 -758.018
314.183 -758.505
318.263 -758.971
322.353 -759.416
0 -0
329.766 -758.409
333.474 -757.878
337.591 -758.243
341.307 -757.674
345.439 -757.998
349.162 -757.391
353.731 -758.58
357.891 -758.838
362.49 -759.977
366.237 -759.289
370.423 -759.481
374.619 -759.651
379.268 -760.694
383.484 -760.818
388.162 -761.811
392.398 -761.888
395.719 -760.168
400.894 -761.974
405.154 -761.984
408.948 -761.09
413.697 -761.934
417.979 -761.876
422.754 -762.668
427.543 -763.434
431.363 -762.432
435.678 -762.279
440 -762.102
444.329 -761.903
449.679 -763.404
454.54 -764.012
459.414 -764.593
463.783 -764.291
468.681 -764.818
472.54 -763.616
477.457 -764.091
482.921 -765.384
487.331 -764.956
492.287 -765.346
497.255 -765.706
502.236 -766.038
507.23 -766.341
512.236 -766.615
517.253 -766.86
522.846 -767.902
526.758 -766.437
532.947 -768.24
538.015 -768.365
543.094 -768.46
548.183 -768.525
553.285 -768.561
558.396 -768.566
564.109 -769.348
569.84 -770.095
574.392 -769.204
580.15 -769.885
585.924 -770.53
591.716 -771.139
597.524 -771.713
0 -0
605.474 -768.04
611.309 -768.521
617.786 -769.746
623.656 -770.152
628.276 -768.972
634.806 -770.081
640.718 -770.379
646.644 -770.641
651.293 -769.338
657.241 -769.531
663.857 -770.444
669.836 -770.559
676.489 -771.388
681.836 -770.676
689.187 -772.169
695.227 -772.127
701.279 -772.048
707.343 -771.929
714.098 -772.507
719.508 -771.578
726.979 -772.802
733.786 -773.249
741.302 -774.374
747.452 -774.01
755.009 -775.039
761.187 -774.59
769.488 -776.233
777.11 -777.11
784.045 -777.232
790.281 -776.608
797.244 -776.641
806.38 -778.712
813.382 -778.644
818.222 -776.464
827.429 -778.368
833.743 -777.478
841.534 -777.906
850.818 -779.631
857.913 -779.273
865.764 -779.537
873.633 -779.748
880.772 -779.241
888.674 -779.347
897.35 -780.054
0 -0
908.685 -776.091
917.406 -776.641
926.914 -777.773
934.912 -777.558
944.468 -778.56
950.18 -776.329
961.329 -778.47
971.736 -779.901
979.043 -778.766
989.499 -780.058
997.622 -779.427
1008.92 -781.189
1017.87 -781.041
1029.23 -782.645
1037.43 -781.758
1046.44 -781.412
1057.07 -782.192
1066.93 -782.302
1077.61 -782.93
1088.32 -783.479
1098.24 -783.368
1107.37 -782.609
1118.14 -782.932
1129.76 -783.745
1140.59 -783.906
1151.44 -783.987
1163.97 -785.107
1174.87 -785.021
1187.45 -785.958
1198.4 -785.704
1208.52 -784.825
1221.19 -785.495
1236.41 -787.681
0 -0
0 -0
0 -0
0 -0
1340.67 -781.857
1338.88 -773
1340.5 -766.158
1342.96 -759.81
1342.77 -751.988
1340.79 -743.213
1341.39 -735.913
1341.95 -728.621
1341.6 -720.866
1341.2 -713.127
1342.53 -706.337
1342.05 -698.626
1343.3 -691.848
1343.64 -684.618
1343.04 -676.948
1344.19 -670.189
1344.41 -662.991
1345.49 -656.242
1345.64 -649.061
1344.85 -641.462
1344.92 -634.308
1345.87 -627.588
1346.78 -620.872
1346.74 -613.746
1345.76 -606.221
1345.65 -599.123
1347.34 -592.843
1347.16 -585.762
1346.95 -578.695
1347.62 -572.03
1348.26 -565.372
1348.86 -558.718
1349.44 -552.07
1349.05 -545.053
1348.63 -538.049
1349.11 -531.427
1349.55 -524.81
1349.96 -518.2
1350.34 -511.596
1350.68 -504.999
1350.06 -498.062
1350.34 -491.483
1351.53 -485.248
1352.69 -479.013
1351.94 -472.117
1353.04 -465.888
1353.16 -459.337
1353.26 -452.794
1353.32 -446.259
1352.4 -439.422
1353.35 -433.212
1353.32 -426.702
1354.22 -420.496
1354.13 -413.998
1354.96 -407.797
1354.81 -401.314
1353.67 -394.559
1339.04 -383.963
1350.32 -380.831
1352.94 -375.203
1353.6 -369.033
1355.19 -363.123
1353.86 -356.443
1353.47 -350.031
1350.14 -342.892
1352.59 -337.239
1354.05 -331.334
1354.51 -325.189
1353.97 -318.818
1354.37 -312.682
1355.73 -306.77
1355.1 -300.418
1353.46 -293.866
1372.34 -291.7
1359.89 -282.858
1359.16 -276.523
1359.37 -270.395
1359.55 -264.271
1359.71 -258.149
1359.84 -252.032
1359.94 -245.918
1361 -239.982
1360.07 -233.702
1361.07 -227.765
1360.08 -221.503
1360.05 -215.41
1361.96 -209.626
1361.87 -203.533
1360.77 -197.303
1359.64 -191.085
1358.48 -184.881
1358.28 -178.821
1359.05 -172.892
1357.8 -166.717
1358.52 -160.791
1360.2 -154.975
1359.87 -148.93
1361.5 -143.1
1362.11 -137.157
1361.7 -131.117
1360.27 -124.991
1361.8 -119.142
1363.3 -113.282
1362.79 -107.253
1366.23 -101.529
1364.67 -95.4267
1373.05 -89.9949
1378.42 -84.308
1378.78 -78.293
1382.1 -72.433
1384.4 -66.4981
1387.68 -60.5874
1392.93 -54.728
1396.15 -48.7547
1397.35 -42.6927
1397.52 -36.5956
1397.67 -30.4971
1395.79 -24.3638
1395.88 -18.2731
1390.95 -12.139
1386.99 -6.05196
