750.0 0.0
750.0 1.963
750.0 5.236
750.0 8.508
750.0 11.781
750.0 15.055
750.0 18.329
750.0 21.604
750.0 24.88
750.0 28.156
750.0 31.434
750.0 34.713
750.0 37.993
750.0 41.274
750.0 44.558
750.0 47.843
750.0 51.129
750.0 54.418
750.0 57.709
750.0 61.002
750.0 64.297
750.0 67.595
750.0 70.895
750.0 74.198
750.0 77.504
750.0 80.813
750.0 84.125
750.0 87.441
750.0 90.759
750.0 94.082
750.0 97.407
750.0 100.737
750.0 104.071
750.0 107.408
750.0 110.75
750.0 114.096
750.0 117.446
750.0 120.801
750.0 124.161
750.0 127.526
750.0 130.895
750.0 134.27
750.0 137.65
750.0 141.036
750.0 144.427
750.0 147.823
750.0 151.226
750.0 154.635
750.0 158.049
750.0 161.47
750.0 164.898
750.0 168.332
750.0 171.772
750.0 175.22
750.0 178.675
750.0 182.137
750.0 185.606
750.0 189.082
750.0 192.567
750.0 196.059
750.0 199.559
750.0 203.067
750.0 206.584
750.0 210.109
750.0 213.643
750.0 217.185
750.0 220.737
750.0 224.297
750.0 227.867
750.0 231.446
750.0 235.035
750.0 238.634
750.0 242.243
750.0 245.862
750.0 249.491
750.0 253.131
750.0 256.782
750.0 260.443
750.0 264.116
750.0 267.8
750.0 271.496
750.0 275.203
750.0 278.922
750.0 282.653
750.0 286.397
750.0 290.153
750.0 293.921
750.0 297.703
750.0 301.498
750.0 305.306
750.0 309.127
750.0 312.963
750.0 316.812
750.0 320.675
750.0 324.553
750.0 328.446
750.0 332.354
750.0 336.276
750.0 340.215
750.0 344.168
750.0 348.138
750.0 352.124
750.0 356.126
750.0 360.144
750.0 364.18
750.0 368.233
750.0 372.303
750.0 376.391
750.0 380.496
750.0 384.62
750.0 388.763
750.0 392.924
750.0 397.104
750.0 401.304
750.0 405.523
750.0 409.762
750.0 414.022
750.0 418.302
750.0 422.603
750.0 426.925
750.0 431.269
750.0 435.634
750.0 440.022
750.0 444.432
750.0 448.865
750.0 453.322
750.0 457.801
750.0 462.305
750.0 466.833
750.0 471.386
750.0 475.964
750.0 480.567
750.0 485.196
750.0 489.852
750.0 494.533
750.0 499.242
750.0 503.979
750.0 508.743
750.0 513.535
750.0 518.356
750.0 523.207
750.0 528.087
750.0 532.997
750.0 537.937
750.0 542.909
750.0 547.912
750.0 552.947
750.0 558.015
750.0 563.115
750.0 568.25
750.0 573.418
750.0 578.621
750.0 583.859
750.0 589.132
750.0 594.442
750.0 599.789
750.0 605.173
750.0 610.595
750.0 616.056
750.0 621.557
750.0 627.097
750.0 632.678
750.0 638.3
750.0 643.963
750.0 649.67
750.0 655.42
750.0 661.213
750.0 667.052
750.0 672.936
750.0 678.866
750.0 684.844
750.0 690.869
750.0 696.943
750.0 703.066
750.0 709.239
750.0 715.464
750.0 721.741
750.0 728.07
750.0 734.454
750.0 740.892
750.0 747.386
750.0 753.937
750.0 760.545
750.0 767.212
750.0 773.939
750.0 780.727
750.0 787.577
750.0 794.49
750.0 801.467
750.0 808.509
750.0 815.618
750.0 822.795
750.0 830.041
750.0 837.357
750.0 844.745
750.0 852.206
750.0 859.741
750.0 867.351
750.0 875.04
750.0 882.806
750.0 890.653
750.0 898.582
750.0 906.594
750.0 914.691
750.0 922.874
750.0 931.146
750.0 939.508
750.0 947.962
750.0 956.51
750.0 965.153
750.0 973.894
750.0 982.735
750.0 991.677
750.0 1000.723
750.0 1009.875
750.0 1019.136
750.0 1028.506
750.0 1037.99
750.0 1047.588
750.0 1057.305
750.0 1067.142
750.0 1077.101
750.0 1087.186
750.0 1097.4
750.0 1107.745
750.0 1118.224
750.0 1128.84
750.0 1139.597
750.0 1150.497
750.0 1161.544
750.0 1172.742
750.0 1184.093
750.0 1195.602
750.0 1207.272
750.0 1219.107
750.0 1231.111
750.0 1243.289
750.0 1255.644
750.0 1268.18
750.0 1280.903
750.0 1293.817
750.0 1306.927
750.0 1320.238
750.0 1333.755
750.0 1347.484
750.0 1361.429
743.849 1370.0
736.128 1370.0
728.442 1370.0
720.792 1370.0
713.177 1370.0
705.596 1370.0
698.05 1370.0
690.537 1370.0
683.057 1370.0
675.609 1370.0
668.194 1370.0
660.81 1370.0
653.456 1370.0
646.134 1370.0
638.841 1370.0
631.579 1370.0
624.345 1370.0
617.14 1370.0
609.963 1370.0
602.814 1370.0
595.693 1370.0
588.598 1370.0
581.53 1370.0
574.489 1370.0
567.473 1370.0
560.482 1370.0
553.516 1370.0
546.575 1370.0
539.657 1370.0
532.764 1370.0
525.894 1370.0
519.047 1370.0
512.222 1370.0
505.42 1370.0
498.639 1370.0
491.88 1370.0
485.142 1370.0
478.425 1370.0
471.729 1370.0
465.052 1370.0
458.396 1370.0
451.758 1370.0
445.14 1370.0
438.54 1370.0
431.959 1370.0
425.396 1370.0
418.851 1370.0
412.323 1370.0
405.812 1370.0
399.319 1370.0
392.841 1370.0
386.38 1370.0
379.935 1370.0
373.505 1370.0
367.09 1370.0
360.691 1370.0
354.306 1370.0
347.936 1370.0
341.579 1370.0
335.237 1370.0
328.908 1370.0
322.592 1370.0
316.289 1370.0
309.999 1370.0
303.722 1370.0
297.456 1370.0
291.202 1370.0
284.96 1370.0
278.73 1370.0
272.51 1370.0
266.301 1370.0
260.103 1370.0
253.914 1370.0
247.736 1370.0
241.568 1370.0
235.409 1370.0
229.259 1370.0
223.119 1370.0
216.987 1370.0
210.863 1370.0
204.748 1370.0
198.641 1370.0
192.541 1370.0
186.449 1370.0
180.364 1370.0
174.286 1370.0
168.215 1370.0
162.15 1370.0
156.092 1370.0
150.039 1370.0
143.993 1370.0
137.952 1370.0
131.916 1370.0
125.885 1370.0
119.859 1370.0
113.838 1370.0
107.821 1370.0
101.809 1370.0
95.8 1370.0
89.795 1370.0
83.793 1370.0
77.794 1370.0
71.799 1370.0
65.806 1370.0
59.815 1370.0
53.827 1370.0
47.841 1370.0
41.857 1370.0
35.875 1370.0
29.894 1370.0
23.913 1370.0
17.934 1370.0
11.956 1370.0
5.978 1370.0
0.0 1370.0
-5.978 1370.0
-11.956 1370.0
-17.934 1370.0
-23.913 1370.0
-29.894 1370.0
-35.875 1370.0
-41.857 1370.0
-47.841 1370.0
-53.827 1370.0
-59.815 1370.0
-65.806 1370.0
-71.799 1370.0
-77.794 1370.0
-83.793 1370.0
-89.795 1370.0
-95.8 1370.0
-101.809 1370.0
-107.821 1370.0
-113.838 1370.0
-119.859 1370.0
-125.885 1370.0
-131.916 1370.0
-137.952 1370.0
-143.993 1370.0
-150.039 1370.0
-156.092 1370.0
-162.15 1370.0
-168.215 1370.0
-174.286 1370.0
-180.364 1370.0
-186.449 1370.0
-192.541 1370.0
-198.641 1370.0
-204.748 1370.0
-210.863 1370.0
-216.987 1370.0
-223.119 1370.0
-229.259 1370.0
-235.409 1370.0
-241.568 1370.0
-247.736 1370.0
-253.914 1370.0
-260.103 1370.0
-266.301 1370.0
-272.51 1370.0
-278.73 1370.0
-284.96 1370.0
-291.202 1370.0
-297.456 1370.0
-303.722 1370.0
-309.999 1370.0
-316.289 1370.0
-322.592 1370.0
-328.908 1370.0
-335.237 1370.0
-341.579 1370.0
-347.936 1370.0
-354.306 1370.0
-360.691 1370.0
-367.09 1370.0
-373.505 1370.0
-379.935 1370.0
-386.38 1370.0
-392.841 1370.0
-399.319 1370.0
-405.812 1370.0
-412.323 1370.0
-418.851 1370.0
-425.396 1370.0
-431.959 1370.0
-438.54 1370.0
-445.14 1370.0
-451.758 1370.0
-458.396 1370.0
-465.052 1370.0
-471.729 1370.0
-478.425 1370.0
-485.142 1370.0
-491.88 1370.0
-498.639 1370.0
-505.42 1370.0
-512.222 1370.0
-519.047 1370.0
-525.894 1370.0
-532.764 1370.0
-539.657 1370.0
-546.575 1370.0
-553.516 1370.0
-560.482 1370.0
-567.473 1370.0
-574.489 1370.0
-581.53 1370.0
-588.598 1370.0
-595.693 1370.0
-602.814 1370.0
-609.963 1370.0
-617.14 1370.0
-624.345 1370.0
-631.579 1370.0
-638.841 1370.0
-646.134 1370.0
-653.456 1370.0
-660.81 1370.0
-668.194 1370.0
-675.609 1370.0
-683.057 1370.0
-690.537 1370.0
-698.05 1370.0
-705.596 1370.0
-713.177 1370.0
-720.792 1370.0
-728.442 1370.0
-736.128 1370.0
-743.849 1370.0
-750.0 1361.429
-750.0 1347.484
-750.0 1333.756
-750.0 1320.239
-750.0 1306.928
-750.0 1293.818
-750.0 1280.904
-750.0 1268.181
-750.0 1255.644
-750.0 1243.289
-750.0 1231.112
-750.0 1219.108
-750.0 1207.272
-750.0 1195.602
-750.0 1184.094
-750.0 1172.742
-750.0 1161.545
-750.0 1150.498
-750.0 1139.597
-750.0 1128.841
-750.0 1118.224
-750.0 1107.745
-750.0 1097.401
-750.0 1087.187
-750.0 1077.102
-750.0 1067.142
-750.0 1057.305
-750.0 1047.589
-750.0 1037.99
-750.0 1028.507
-750.0 1019.136
-750.0 1009.876
-750.0 1000.724
-750.0 991.678
-750.0 982.735
-750.0 973.895
-750.0 965.154
-750.0 956.51
-750.0 947.963
-750.0 939.509
-750.0 931.147
-750.0 922.875
-750.0 914.691
-750.0 906.594
-750.0 898.582
-750.0 890.654
-750.0 882.807
-750.0 875.04
-750.0 867.352
-750.0 859.741
-750.0 852.206
-750.0 844.745
-750.0 837.358
-750.0 830.041
-750.0 822.796
-750.0 815.619
-750.0 808.51
-750.0 801.467
-750.0 794.49
-750.0 787.578
-750.0 780.728
-750.0 773.94
-750.0 767.213
-750.0 760.546
-750.0 753.937
-750.0 747.387
-750.0 740.893
-750.0 734.454
-750.0 728.071
-750.0 721.741
-750.0 715.464
-750.0 709.24
-750.0 703.066
-750.0 696.943
-750.0 690.869
-750.0 684.844
-750.0 678.867
-750.0 672.937
-750.0 667.052
-750.0 661.214
-750.0 655.42
-750.0 649.67
-750.0 643.964
-750.0 638.3
-750.0 632.678
-750.0 627.097
-750.0 621.557
-750.0 616.057
-750.0 610.596
-750.0 605.174
-750.0 599.789
-750.0 594.443
-750.0 589.133
-750.0 583.859
-750.0 578.621
-750.0 573.418
-750.0 568.25
-750.0 563.116
-750.0 558.015
-750.0 552.948
-750.0 547.913
-750.0 542.909
-750.0 537.938
-750.0 532.997
-750.0 528.087
-750.0 523.207
-750.0 518.357
-750.0 513.536
-750.0 508.743
-750.0 503.979
-750.0 499.243
-750.0 494.534
-750.0 489.852
-750.0 485.197
-750.0 480.568
-750.0 475.964
-750.0 471.387
-750.0 466.834
-750.0 462.306
-750.0 457.802
-750.0 453.322
-750.0 448.866
-750.0 444.433
-750.0 440.022
-750.0 435.635
-750.0 431.269
-750.0 426.925
-750.0 422.603
-750.0 418.302
-750.0 414.022
-750.0 409.763
-750.0 405.523
-750.0 401.304
-750.0 397.105
-750.0 392.924
-750.0 388.763
-750.0 384.621
-750.0 380.497
-750.0 376.391
-750.0 372.303
-750.0 368.233
-750.0 364.18
-750.0 360.145
-750.0 356.126
-750.0 352.124
-750.0 348.138
-750.0 344.169
-750.0 340.215
-750.0 336.277
-750.0 332.354
-750.0 328.447
-750.0 324.554
-750.0 320.676
-750.0 316.812
-750.0 312.963
-750.0 309.128
-750.0 305.306
-750.0 301.498
-750.0 297.703
-750.0 293.922
-750.0 290.153
-750.0 286.397
-750.0 282.654
-750.0 278.922
-750.0 275.203
-750.0 271.496
-750.0 267.801
-750.0 264.117
-750.0 260.444
-750.0 256.782
-750.0 253.132
-750.0 249.492
-750.0 245.862
-750.0 242.243
-750.0 238.635
-750.0 235.036
-750.0 231.447
-750.0 227.867
-750.0 224.298
-750.0 220.737
-750.0 217.186
-750.0 213.643
-750.0 210.109
-750.0 206.584
-750.0 203.068
-750.0 199.56
-750.0 196.059
-750.0 192.567
-750.0 189.083
-750.0 185.606
-750.0 182.137
-750.0 178.675
-750.0 175.221
-750.0 171.773
-750.0 168.332
-750.0 164.898
-750.0 161.471
-750.0 158.05
-750.0 154.635
-750.0 151.227
-750.0 147.824
-750.0 144.427
-750.0 141.036
-750.0 137.651
-750.0 134.271
-750.0 130.896
-750.0 127.526
-750.0 124.162
-750.0 120.802
-750.0 117.447
-750.0 114.096
-750.0 110.75
-750.0 107.409
-750.0 104.071
-750.0 100.738
-750.0 97.408
-750.0 94.082
-750.0 90.76
-750.0 87.441
-750.0 84.126
-750.0 80.814
-750.0 77.505
-750.0 74.199
-750.0 70.896
-750.0 67.595
-750.0 64.298
-750.0 61.002
-750.0 57.709
-750.0 54.419
-750.0 51.13
-750.0 47.843
-750.0 44.558
-750.0 41.275
-750.0 37.993
-750.0 34.713
-750.0 31.434
-750.0 28.157
-750.0 24.88
-750.0 21.604
-750.0 18.33
-750.0 15.055
-750.0 11.782
-750.0 8.509
-750.0 5.236
-750.0 1.963