1370.0 0.0
1370.0 5.978
1370.0 11.956
1370.0 17.934
1370.0 23.913
1370.0 29.894
1370.0 35.875
1370.0 41.857
1370.0 47.841
1370.0 53.827
1370.0 59.815
1370.0 65.806
1370.0 71.799
1370.0 77.794
1370.0 83.793
1370.0 89.795
1370.0 95.800
1370.0 101.809
1370.0 107.821
1370.0 113.838
1370.0 119.859
1370.0 125.885
1370.0 131.916
1370.0 137.952
1370.0 143.993
1370.0 150.039
1370.0 156.092
1370.0 162.150
1370.0 168.215
1370.0 174.286
1370.0 180.364
1370.0 186.449
1370.0 192.541
1370.0 198.641
1370.0 204.748
1370.0 210.863
1370.0 216.987
1370.0 223.119
1370.0 229.259
1370.0 235.409
1370.0 241.568
1370.0 247.736
1370.0 253.914
1370.0 260.103
1370.0 266.301
1370.0 272.510
1370.0 278.730
1370.0 284.960
1370.0 291.202
1370.0 297.456
1370.0 303.722
1370.0 309.999
1370.0 316.289
1370.0 322.592
1370.0 328.908
1370.0 335.237
1370.0 341.579
1370.0 347.936
1370.0 354.306
1370.0 360.691
1370.0 367.090
1370.0 373.505
1370.0 379.935
1370.0 386.380
1370.0 392.841
1370.0 399.319
1370.0 405.812
1370.0 412.323
1370.0 418.851
1370.0 425.396
1370.0 431.959
1370.0 438.540
1370.0 445.140
1370.0 451.758
1370.0 458.396
1370.0 465.052
1370.0 471.729
1370.0 478.425
1370.0 485.142
1370.0 491.880
1370.0 498.639
1370.0 505.420
1370.0 512.222
1370.0 519.047
1370.0 525.894
1370.0 532.764
1370.0 539.657
1370.0 546.575
1370.0 553.516
1370.0 560.482
1370.0 567.473
1370.0 574.489
1370.0 581.530
1370.0 588.598
1370.0 595.693
1370.0 602.814
1370.0 609.963
1370.0 617.140
1370.0 624.345
1370.0 631.579
1370.0 638.841
1370.0 646.134
1370.0 653.456
1370.0 660.810
1370.0 668.194
1370.0 675.609
1370.0 683.057
1370.0 690.537
1370.0 698.050
1370.0 705.596
1370.0 713.177
1370.0 720.792
1370.0 728.442
1370.0 736.128
1370.0 743.849
1361.429 750.0
1347.484 750.0
1333.755 750.0
1320.238 750.0
1306.927 750.0
1293.817 750.0
1280.903 750.0
1268.180 750.0
1255.644 750.0
1243.289 750.0
1231.111 750.0
1219.107 750.0
1207.272 750.0
1195.602 750.0
1184.093 750.0
1172.742 750.0
1161.544 750.0
1150.497 750.0
1139.597 750.0
1128.840 750.0
1118.224 750.0
1107.745 750.0
1097.400 750.0
1087.186 750.0
1077.101 750.0
1067.142 750.0
1057.305 750.0
1047.588 750.0
1037.990 750.0
1028.506 750.0
1019.136 750.0
1009.875 750.0
1000.723 750.0
991.677 750.0
982.735 750.0
973.894 750.0
965.153 750.0
956.510 750.0
947.962 750.0
939.508 750.0
931.146 750.0
922.874 750.0
914.691 750.0
906.594 750.0
898.582 750.0
890.653 750.0
882.806 750.0
875.040 750.0
867.351 750.0
859.741 750.0
852.206 750.0
844.745 750.0
837.357 750.0
830.041 750.0
822.795 750.0
815.618 750.0
808.509 750.0
801.467 750.0
794.490 750.0
787.577 750.0
780.727 750.0
773.939 750.0
767.212 750.0
760.545 750.0
753.937 750.0
747.386 750.0
740.892 750.0
734.454 750.0
728.070 750.0
721.741 750.0
715.464 750.0
709.239 750.0
703.066 750.0
696.943 750.0
690.869 750.0
684.844 750.0
678.866 750.0
672.936 750.0
667.052 750.0
661.213 750.0
655.420 750.0
649.670 750.0
643.963 750.0
638.300 750.0
632.678 750.0
627.097 750.0
621.557 750.0
616.056 750.0
610.595 750.0
605.173 750.0
599.789 750.0
594.442 750.0
589.132 750.0
583.859 750.0
578.621 750.0
573.418 750.0
568.250 750.0
563.115 750.0
558.015 750.0
552.947 750.0
547.912 750.0
542.909 750.0
537.937 750.0
532.997 750.0
528.087 750.0
523.207 750.0
518.356 750.0
513.535 750.0
508.743 750.0
503.979 750.0
499.242 750.0
494.533 750.0
489.852 750.0
485.196 750.0
480.567 750.0
475.964 750.0
471.386 750.0
466.833 750.0
462.305 750.0
457.801 750.0
453.322 750.0
448.865 750.0
444.432 750.0
440.022 750.0
435.634 750.0
431.269 750.0
426.925 750.0
422.603 750.0
418.302 750.0
414.022 750.0
409.762 750.0
405.523 750.0
401.304 750.0
397.104 750.0
392.924 750.0
388.763 750.0
384.620 750.0
380.496 750.0
376.391 750.0
372.303 750.0
368.233 750.0
364.180 750.0
360.144 750.0
356.126 750.0
352.124 750.0
348.138 750.0
344.168 750.0
340.215 750.0
336.276 750.0
332.354 750.0
328.446 750.0
324.553 750.0
320.675 750.0
316.812 750.0
312.963 750.0
309.127 750.0
305.306 750.0
301.498 750.0
297.703 750.0
293.921 750.0
290.153 750.0
286.397 750.0
282.653 750.0
278.922 750.0
275.203 750.0
271.496 750.0
267.800 750.0
264.116 750.0
260.443 750.0
256.782 750.0
253.131 750.0
249.491 750.0
245.862 750.0
242.243 750.0
238.634 750.0
235.035 750.0
231.446 750.0
227.867 750.0
224.297 750.0
220.737 750.0
217.185 750.0
213.643 750.0
210.109 750.0
206.584 750.0
203.067 750.0
199.559 750.0
196.059 750.0
192.567 750.0
189.082 750.0
185.606 750.0
182.137 750.0
178.675 750.0
175.220 750.0
171.772 750.0
168.332 750.0
164.898 750.0
161.470 750.0
158.049 750.0
154.635 750.0
151.226 750.0
147.823 750.0
144.427 750.0
141.036 750.0
137.650 750.0
134.270 750.0
130.895 750.0
127.526 750.0
124.161 750.0
120.801 750.0
117.446 750.0
114.096 750.0
110.750 750.0
107.408 750.0
104.071 750.0
100.737 750.0
97.407 750.0
94.082 750.0
90.759 750.0
87.441 750.0
84.125 750.0
80.813 750.0
77.504 750.0
74.198 750.0
70.895 750.0
67.595 750.0
64.297 750.0
61.002 750.0
57.709 750.0
54.418 750.0
51.129 750.0
47.843 750.0
44.558 750.0
41.274 750.0
37.993 750.0
34.713 750.0
31.434 750.0
28.156 750.0
24.880 750.0
21.604 750.0
18.329 750.0
15.055 750.0
11.781 750.0
8.508 750.0
5.236 750.0
1.963 750.0
0.0 750.0
-3.273 750.0
-6.545 750.0
-9.818 750.0
-13.091 750.0
-16.365 750.0
-19.639 750.0
-22.915 750.0
-26.191 750.0
-29.468 750.0
-32.746 750.0
-36.025 750.0
-39.306 750.0
-42.588 750.0
-45.872 750.0
-49.158 750.0
-52.445 750.0
-55.735 750.0
-59.026 750.0
-62.320 750.0
-65.616 750.0
-68.915 750.0
-72.217 750.0
-75.521 750.0
-78.828 750.0
-82.138 750.0
-85.452 750.0
-88.768 750.0
-92.088 750.0
-95.412 750.0
-98.739 750.0
-102.071 750.0
-105.406 750.0
-108.745 750.0
-112.088 750.0
-115.436 750.0
-118.788 750.0
-122.145 750.0
-125.507 750.0
-128.874 750.0
-132.245 750.0
-135.622 750.0
-139.004 750.0
-142.392 750.0
-145.785 750.0
-149.184 750.0
-152.589 750.0
-156.000 750.0
-159.417 750.0
-162.841 750.0
-166.271 750.0
-169.708 750.0
-173.151 750.0
-176.602 750.0
-180.059 750.0
-183.524 750.0
-186.996 750.0
-190.476 750.0
-193.963 750.0
-197.459 750.0
-200.962 750.0
-204.473 750.0
-207.993 750.0
-211.522 750.0
-215.059 750.0
-218.605 750.0
-222.160 750.0
-225.724 750.0
-229.298 750.0
-232.881 750.0
-236.474 750.0
-240.077 750.0
-243.690 750.0
-247.313 750.0
-250.946 750.0
-254.591 750.0
-258.246 750.0
-261.912 750.0
-265.589 750.0
-269.278 750.0
-272.978 750.0
-276.690 750.0
-280.414 750.0
-284.150 750.0
-287.898 750.0
-291.659 750.0
-295.433 750.0
-299.220 750.0
-303.020 750.0
-306.833 750.0
-310.660 750.0
-314.501 750.0
-318.356 750.0
-322.225 750.0
-326.109 750.0
-330.008 750.0
-333.922 750.0
-337.850 750.0
-341.795 750.0
-345.755 750.0
-349.731 750.0
-353.723 750.0
-357.732 750.0
-361.757 750.0
-365.799 750.0
-369.859 750.0
-373.936 750.0
-378.031 750.0
-382.144 750.0
-386.275 750.0
-390.425 750.0
-394.594 750.0
-398.782 750.0
-402.990 750.0
-407.217 750.0
-411.464 750.0
-415.732 750.0
-420.020 750.0
-424.330 750.0
-428.660 750.0
-433.013 750.0
-437.387 750.0
-441.784 750.0
-446.203 750.0
-450.645 750.0
-455.111 750.0
-459.601 750.0
-464.114 750.0
-468.652 750.0
-473.215 750.0
-477.803 750.0
-482.416 750.0
-487.056 750.0
-491.722 750.0
-496.414 750.0
-501.134 750.0
-505.881 750.0
-510.657 750.0
-515.461 750.0
-520.294 750.0
-525.156 750.0
-530.048 750.0
-534.970 750.0
-539.923 750.0
-544.907 750.0
-549.923 750.0
-554.971 750.0
-560.052 750.0
-565.166 750.0
-570.313 750.0
-575.495 750.0
-580.712 750.0
-585.964 750.0
-591.252 750.0
-596.577 750.0
-601.939 750.0
-607.338 750.0
-612.776 750.0
-618.252 750.0
-623.768 750.0
-629.325 750.0
-634.922 750.0
-640.561 750.0
-646.241 750.0
-651.965 750.0
-657.732 750.0
-663.544 750.0
-669.401 750.0
-675.303 750.0
-681.252 750.0
-687.248 750.0
-693.293 750.0
-699.386 750.0
-705.530 750.0
-711.723 750.0
-717.969 750.0
-724.267 750.0
-730.618 750.0
-737.023 750.0
-743.483 750.0
-750.000 750.0
-756.574 750.0
-763.206 750.0
-769.897 750.0
-776.648 750.0
-783.460 750.0
-790.335 750.0
-797.273 750.0
-804.277 750.0
-811.345 750.0
-818.481 750.0
-825.686 750.0
-832.959 750.0
-840.304 750.0
-847.721 750.0
-855.211 750.0
-862.776 750.0
-870.418 750.0
-878.137 750.0
-885.936 750.0
-893.815 750.0
-901.777 750.0
-909.823 750.0
-917.954 750.0
-926.173 750.0
-934.481 750.0
-942.879 750.0
-951.370 750.0
-959.956 750.0
-968.638 750.0
-977.419 750.0
-986.300 750.0
-995.284 750.0
-1004.372 750.0
-1013.567 750.0
-1022.871 750.0
-1032.286 750.0
-1041.816 750.0
-1051.461 750.0
-1061.225 750.0
-1071.111 750.0
-1081.121 750.0
-1091.257 750.0
-1101.523 750.0
-1111.921 750.0
-1122.454 750.0
-1130.0 743.119
-1130.0 736.076
-1130.0 729.073
-1130.0 722.110
-1130.0 715.185
-1130.0 708.298
-1130.0 701.449
-1130.0 694.637
-1130.0 687.861
-1130.0 681.122
-1130.0 674.417
-1130.0 667.748
-1130.0 661.113
-1130.0 654.511
-1130.0 647.943
-1130.0 641.408
-1130.0 634.905
-1130.0 628.433
-1130.0 621.993
-1130.0 615.584
-1130.0 609.206
-1130.0 602.857
-1130.0 596.538
-1130.0 590.248
-1130.0 583.986
-1130.0 577.753
-1130.0 571.547
-1130.0 565.369
-1130.0 559.217
-1130.0 553.092
-1130.0 546.993
-1130.0 540.920
-1130.0 534.873
-1130.0 528.850
-1130.0 522.851
-1130.0 516.877
-1130.0 510.927
-1130.0 505.000
-1130.0 499.096
-1130.0 493.215
-1130.0 487.356
-1130.0 481.520
-1130.0 475.705
-1130.0 469.911
-1130.0 464.138
-1130.0 458.386
-1130.0 452.654
-1130.0 446.942
-1130.0 441.250
-1130.0 435.578
-1130.0 429.924
-1130.0 424.289
-1130.0 418.672
-1130.0 413.074
-1130.0 407.494
-1130.0 401.930
-1145.424 400.0
-1161.684 400.0
-1178.362 400.0
-1195.473 400.0
-1213.038 400.0
-1230.0 399.651
-1230.0 393.726
-1230.0 387.817
-1230.0 381.925
-1230.0 376.048
-1230.0 370.187
-1230.0 364.342
-1230.0 358.512
-1230.0 352.696
-1230.0 346.895
-1230.0 341.109
-1230.0 335.336
-1230.0 329.577
-1230.0 323.831
-1230.0 318.099
-1230.0 312.380
-1230.0 306.673
-1230.0 300.979
-1230.0 295.296
-1230.0 289.626
-1230.0 283.967
-1230.0 278.320
-1230.0 272.684
-1230.0 267.059
-1230.0 261.444
-1230.0 255.840
-1230.0 250.246
-1230.0 244.662
-1230.0 239.087
-1230.0 233.522
-1230.0 227.967
-1230.0 222.420
-1230.0 216.882
-1230.0 211.352
-1230.0 205.831
-1230.0 200.318
-1230.0 194.812
-1230.0 189.315
-1230.0 183.824
-1230.0 178.341
-1230.0 172.865
-1230.0 167.395
-1230.0 161.932
-1230.0 156.475
-1230.0 151.025
-1230.0 145.580
-1230.0 140.140
-1230.0 134.706
-1230.0 129.278
-1230.0 123.854
-1230.0 118.435
-1230.0 113.021
-1230.0 107.611
-1230.0 102.205
-1230.0 96.803
-1230.0 91.404
-1230.0 86.009
-1230.0 80.618
-1230.0 75.230
-1230.0 69.844
-1230.0 64.461
-1230.0 59.081
-1230.0 53.702
-1230.0 48.326
-1230.0 42.952
-1230.0 37.579
-1230.0 32.208
-1230.0 26.838
-1230.0 21.469
-1230.0 16.101
-1230.0 10.734
-1230.0 5.366
-1230.0 0.0
-1230.0 -5.367
-1230.0 -10.734
-1230.0 -16.102
-1230.0 -21.470
-1230.0 -26.839
-1230.0 -32.209
-1230.0 -37.580
-1230.0 -42.953
-1230.0 -48.327
-1230.0 -53.703
-1230.0 -59.081
-1230.0 -64.462
-1230.0 -69.844
-1230.0 -75.230
-1230.0 -80.618
-1230.0 -86.010
-1230.0 -91.405
-1230.0 -96.803
-1230.0 -102.205
-1230.0 -107.611
-1230.0 -113.021
-1230.0 -118.436
-1230.0 -123.854
-1230.0 -129.278
-1230.0 -134.707
-1230.0 -140.141
-1230.0 -145.580
-1230.0 -151.025
-1230.0 -156.476
-1230.0 -161.933
-1230.0 -167.396
-1230.0 -172.865
-1230.0 -178.342
-1230.0 -183.825
-1230.0 -189.315
-1230.0 -194.813
-1230.0 -200.318
-1230.0 -205.831
-1230.0 -211.353
-1230.0 -216.882
-1230.0 -222.420
-1230.0 -227.967
-1230.0 -233.523
-1230.0 -239.088
-1230.0 -244.662
-1230.0 -250.246
-1230.0 -255.840
-1230.0 -261.445
-1230.0 -267.059
-1230.0 -272.684
-1230.0 -278.321
-1230.0 -283.968
-1230.0 -289.627
-1230.0 -295.297
-1230.0 -300.979
-1230.0 -306.673
-1230.0 -312.380
-1230.0 -318.100
-1230.0 -323.832
-1230.0 -329.578
-1230.0 -335.336
-1230.0 -341.109
-1230.0 -346.896
-1230.0 -352.697
-1230.0 -358.512
-1230.0 -364.343
-1230.0 -370.188
-1230.0 -376.049
-1230.0 -381.925
-1230.0 -387.818
-1230.0 -393.726
-1230.0 -399.651
-1213.038 -400.0
-1195.474 -400.0
-1178.362 -400.0
-1161.684 -400.0
-1145.424 -400.0
-1130.0 -401.930
-1130.0 -407.494
-1130.0 -413.074
-1130.0 -418.672
-1130.0 -424.289
-1130.0 -429.924
-1130.0 -435.578
-1130.0 -441.250
-1130.0 -446.942
-1130.0 -452.654
-1130.0 -458.386
-1130.0 -464.138
-1130.0 -469.911
-1130.0 -475.705
-1130.0 -481.520
-1130.0 -487.356
-1130.0 -493.215
-1130.0 -499.096
-1130.0 -505.000
-1130.0 -510.927
-1130.0 -516.877
-1130.0 -522.851
-1130.0 -528.850
-1130.0 -534.873
-1130.0 -540.920
-1130.0 -546.993
-1130.0 -553.092
-1130.0 -559.217
-1130.0 -565.369
-1130.0 -571.547
-1130.0 -577.753
-1130.0 -583.986
-1130.0 -590.248
-1130.0 -596.538
-1130.0 -602.857
-1130.0 -609.206
-1130.0 -615.584
-1130.0 -621.993
-1130.0 -628.433
-1130.0 -634.905
-1130.0 -641.408
-1130.0 -647.943
-1130.0 -654.511
-1130.0 -661.113
-1130.0 -667.748
-1130.0 -674.417
-1130.0 -681.122
-1130.0 -687.861
-1130.0 -694.637
-1130.0 -701.449
-1130.0 -708.298
-1130.0 -715.185
-1130.0 -722.110
-1130.0 -729.073
-1130.0 -736.076
-1130.0 -743.119
-1122.454 -750.0
-1111.921 -750.0
-1101.523 -750.0
-1091.257 -750.0
-1081.121 -750.0
-1071.111 -750.0
-1061.225 -750.0
-1051.461 -750.0
-1041.816 -750.0
-1032.286 -750.0
-1022.871 -750.0
-1013.567 -750.0
-1004.372 -750.0
-995.284 -750.0
-986.300 -750.0
-977.419 -750.0
-968.638 -750.0
-959.956 -750.0
-951.370 -750.0
-942.879 -750.0
-934.481 -750.0
-926.173 -750.0
-917.954 -750.0
-909.823 -750.0
-901.777 -750.0
-893.815 -750.0
-885.936 -750.0
-878.137 -750.0
-870.418 -750.0
-862.776 -750.0
-855.211 -750.0
-847.721 -750.0
-840.304 -750.0
-832.959 -750.0
-825.686 -750.0
-818.481 -750.0
-811.345 -750.0
-804.277 -750.0
-797.273 -750.0
-790.335 -750.0
-783.460 -750.0
-776.648 -750.0
-769.897 -750.0
-763.206 -750.0
-756.574 -750.0
-750.000 -750.0
-743.483 -750.0
-737.023 -750.0
-730.618 -750.0
-724.267 -750.0
-717.969 -750.0
-711.723 -750.0
-705.530 -750.0
-699.386 -750.0
-693.293 -750.0
-687.248 -750.0
-681.252 -750.0
-675.303 -750.0
-669.401 -750.0
-663.544 -750.0
-657.732 -750.0
-651.965 -750.0
-646.241 -750.0
-640.561 -750.0
-634.922 -750.0
-629.325 -750.0
-623.768 -750.0
-618.252 -750.0
-612.776 -750.0
-607.338 -750.0
-601.939 -750.0
-596.577 -750.0
-591.252 -750.0
-585.964 -750.0
-580.712 -750.0
-575.495 -750.0
-570.313 -750.0
-565.166 -750.0
-560.052 -750.0
-554.971 -750.0
-549.923 -750.0
-544.907 -750.0
-539.923 -750.0
-534.970 -750.0
-530.048 -750.0
-525.156 -750.0
-520.294 -750.0
-515.461 -750.0
-510.657 -750.0
-505.881 -750.0
-501.134 -750.0
-496.414 -750.0
-491.722 -750.0
-487.056 -750.0
-482.416 -750.0
-477.803 -750.0
-473.215 -750.0
-468.652 -750.0
-464.114 -750.0
-459.601 -750.0
-455.111 -750.0
-450.645 -750.0
-446.203 -750.0
-441.784 -750.0
-437.387 -750.0
-433.013 -750.0
-428.660 -750.0
-424.330 -750.0
-420.020 -750.0
-415.732 -750.0
-411.464 -750.0
-407.217 -750.0
-402.990 -750.0
-398.782 -750.0
-394.594 -750.0
-390.425 -750.0
-386.275 -750.0
-382.144 -750.0
-378.031 -750.0
-373.936 -750.0
-369.859 -750.0
-365.799 -750.0
-361.757 -750.0
-357.732 -750.0
-353.723 -750.0
-349.731 -750.0
-345.755 -750.0
-341.795 -750.0
-337.850 -750.0
-333.922 -750.0
-330.008 -750.0
-326.109 -750.0
-322.225 -750.0
-318.356 -750.0
-314.501 -750.0
-310.660 -750.0
-306.833 -750.0
-303.020 -750.0
-299.220 -750.0
-295.433 -750.0
-291.659 -750.0
-287.898 -750.0
-284.150 -750.0
-280.414 -750.0
-276.690 -750.0
-272.978 -750.0
-269.278 -750.0
-265.589 -750.0
-261.912 -750.0
-258.246 -750.0
-254.591 -750.0
-250.946 -750.0
-247.313 -750.0
-243.690 -750.0
-240.077 -750.0
-236.474 -750.0
-232.881 -750.0
-229.298 -750.0
-225.724 -750.0
-222.160 -750.0
-218.605 -750.0
-215.059 -750.0
-211.522 -750.0
-207.993 -750.0
-204.473 -750.0
-200.962 -750.0
-197.459 -750.0
-193.963 -750.0
-190.476 -750.0
-186.996 -750.0
-183.524 -750.0
-180.059 -750.0
-176.602 -750.0
-173.151 -750.0
-169.708 -750.0
-166.271 -750.0
-162.841 -750.0
-159.417 -750.0
-156.000 -750.0
-152.589 -750.0
-149.184 -750.0
-145.785 -750.0
-142.392 -750.0
-139.004 -750.0
-135.622 -750.0
-132.245 -750.0
-128.874 -750.0
-125.507 -750.0
-122.145 -750.0
-118.788 -750.0
-115.436 -750.0
-112.088 -750.0
-108.745 -750.0
-105.406 -750.0
-102.071 -750.0
-98.739 -750.0
-95.412 -750.0
-92.088 -750.0
-88.768 -750.0
-85.452 -750.0
-82.138 -750.0
-78.828 -750.0
-75.521 -750.0
-72.217 -750.0
-68.915 -750.0
-65.616 -750.0
-62.320 -750.0
-59.026 -750.0
-55.735 -750.0
-52.445 -750.0
-49.158 -750.0
-45.872 -750.0
-42.588 -750.0
-39.306 -750.0
-36.025 -750.0
-32.746 -750.0
-29.468 -750.0
-26.191 -750.0
-22.915 -750.0
-19.639 -750.0
-16.365 -750.0
-13.091 -750.0
-9.818 -750.0
-6.545 -750.0
-3.273 -750.0
0.0 -750.0
1.963 -750.0
5.236 -750.0
8.509 -750.0
11.782 -750.0
15.055 -750.0
18.330 -750.0
21.604 -750.0
24.880 -750.0
28.157 -750.0
31.434 -750.0
34.713 -750.0
37.993 -750.0
41.275 -750.0
44.558 -750.0
47.843 -750.0
51.130 -750.0
54.419 -750.0
57.709 -750.0
61.002 -750.0
64.298 -750.0
67.595 -750.0
70.896 -750.0
74.199 -750.0
77.505 -750.0
80.814 -750.0
84.126 -750.0
87.441 -750.0
90.760 -750.0
94.082 -750.0
97.408 -750.0
100.738 -750.0
104.071 -750.0
107.409 -750.0
110.750 -750.0
114.096 -750.0
117.447 -750.0
120.802 -750.0
124.162 -750.0
127.526 -750.0
130.896 -750.0
134.271 -750.0
137.651 -750.0
141.036 -750.0
144.427 -750.0
147.824 -750.0
151.227 -750.0
154.635 -750.0
158.050 -750.0
161.471 -750.0
164.898 -750.0
168.332 -750.0
171.773 -750.0
175.221 -750.0
178.675 -750.0
182.137 -750.0
185.606 -750.0
189.083 -750.0
192.567 -750.0
196.059 -750.0
199.560 -750.0
203.068 -750.0
206.584 -750.0
210.109 -750.0
213.643 -750.0
217.186 -750.0
220.737 -750.0
224.298 -750.0
227.867 -750.0
231.447 -750.0
235.036 -750.0
238.635 -750.0
242.243 -750.0
245.862 -750.0
249.492 -750.0
253.132 -750.0
256.782 -750.0
260.444 -750.0
264.117 -750.0
267.801 -750.0
271.496 -750.0
275.203 -750.0
278.922 -750.0
282.654 -750.0
286.397 -750.0
290.153 -750.0
293.922 -750.0
297.703 -750.0
301.498 -750.0
305.306 -750.0
309.128 -750.0
312.963 -750.0
316.812 -750.0
320.676 -750.0
324.554 -750.0
328.447 -750.0
332.354 -750.0
336.277 -750.0
340.215 -750.0
344.169 -750.0
348.138 -750.0
352.124 -750.0
356.126 -750.0
360.145 -750.0
364.180 -750.0
368.233 -750.0
372.303 -750.0
376.391 -750.0
380.497 -750.0
384.621 -750.0
388.763 -750.0
392.924 -750.0
397.105 -750.0
401.304 -750.0
405.523 -750.0
409.763 -750.0
414.022 -750.0
418.302 -750.0
422.603 -750.0
426.925 -750.0
431.269 -750.0
435.635 -750.0
440.022 -750.0
444.433 -750.0
448.866 -750.0
453.322 -750.0
457.802 -750.0
462.306 -750.0
466.834 -750.0
471.387 -750.0
475.964 -750.0
480.568 -750.0
485.197 -750.0
489.852 -750.0
494.534 -750.0
499.243 -750.0
503.979 -750.0
508.743 -750.0
513.536 -750.0
518.357 -750.0
523.207 -750.0
528.087 -750.0
532.997 -750.0
537.938 -750.0
542.909 -750.0
547.913 -750.0
552.948 -750.0
558.015 -750.0
563.116 -750.0
568.250 -750.0
573.418 -750.0
578.621 -750.0
583.859 -750.0
589.133 -750.0
594.443 -750.0
599.789 -750.0
605.174 -750.0
610.596 -750.0
616.057 -750.0
621.557 -750.0
627.097 -750.0
632.678 -750.0
638.300 -750.0
643.964 -750.0
649.670 -750.0
655.420 -750.0
661.214 -750.0
667.052 -750.0
672.937 -750.0
678.867 -750.0
684.844 -750.0
690.869 -750.0
696.943 -750.0
703.066 -750.0
709.240 -750.0
715.464 -750.0
721.741 -750.0
728.071 -750.0
734.454 -750.0
740.893 -750.0
747.387 -750.0
753.937 -750.0
760.546 -750.0
767.213 -750.0
773.940 -750.0
780.728 -750.0
787.578 -750.0
794.490 -750.0
801.467 -750.0
808.510 -750.0
815.619 -750.0
822.796 -750.0
830.041 -750.0
837.358 -750.0
844.745 -750.0
852.206 -750.0
859.741 -750.0
867.352 -750.0
875.040 -750.0
882.807 -750.0
890.654 -750.0
898.582 -750.0
906.594 -750.0
914.691 -750.0
922.875 -750.0
931.147 -750.0
939.509 -750.0
947.963 -750.0
956.510 -750.0
965.154 -750.0
973.895 -750.0
982.735 -750.0
991.678 -750.0
1000.724 -750.0
1009.876 -750.0
1019.136 -750.0
1028.507 -750.0
1037.990 -750.0
1047.589 -750.0
1057.305 -750.0
1067.142 -750.0
1077.102 -750.0
1087.187 -750.0
1097.401 -750.0
1107.745 -750.0
1118.224 -750.0
1128.841 -750.0
1139.597 -750.0
1150.498 -750.0
1161.545 -750.0
1172.742 -750.0
1184.094 -750.0
1195.602 -750.0
1207.272 -750.0
1219.108 -750.0
1231.112 -750.0
1243.289 -750.0
1255.644 -750.0
1268.181 -750.0
1280.904 -750.0
1293.818 -750.0
1306.928 -750.0
1320.239 -750.0
1333.756 -750.0
1347.484 -750.0
1361.429 -750.0
1370.0 -743.849
1370.0 -736.128
1370.0 -728.442
1370.0 -720.792
1370.0 -713.177
1370.0 -705.596
1370.0 -698.050
1370.0 -690.537
1370.0 -683.057
1370.0 -675.609
1370.0 -668.194
1370.0 -660.810
1370.0 -653.456
1370.0 -646.134
1370.0 -638.841
1370.0 -631.579
1370.0 -624.345
1370.0 -617.140
1370.0 -609.963
1370.0 -602.814
1370.0 -595.693
1370.0 -588.598
1370.0 -581.530
1370.0 -574.489
1370.0 -567.473
1370.0 -560.482
1370.0 -553.516
1370.0 -546.575
1370.0 -539.657
1370.0 -532.764
1370.0 -525.894
1370.0 -519.047
1370.0 -512.222
1370.0 -505.420
1370.0 -498.639
1370.0 -491.880
1370.0 -485.142
1370.0 -478.425
1370.0 -471.729
1370.0 -465.052
1370.0 -458.396
1370.0 -451.758
1370.0 -445.140
1370.0 -438.540
1370.0 -431.959
1370.0 -425.396
1370.0 -418.851
1370.0 -412.323
1370.0 -405.812
1370.0 -399.319
1370.0 -392.841
1370.0 -386.380
1370.0 -379.935
1370.0 -373.505
1370.0 -367.090
1370.0 -360.691
1370.0 -354.306
1370.0 -347.936
1370.0 -341.579
1370.0 -335.237
1370.0 -328.908
1370.0 -322.592
1370.0 -316.289
1370.0 -309.999
1370.0 -303.722
1370.0 -297.456
1370.0 -291.202
1370.0 -284.960
1370.0 -278.730
1370.0 -272.510
1370.0 -266.301
1370.0 -260.103
1370.0 -253.914
1370.0 -247.736
1370.0 -241.568
1370.0 -235.409
1370.0 -229.259
1370.0 -223.119
1370.0 -216.987
1370.0 -210.863
1370.0 -204.748
1370.0 -198.641
1370.0 -192.541
1370.0 -186.449
1370.0 -180.364
1370.0 -174.286
1370.0 -168.215
1370.0 -162.150
1370.0 -156.092
1370.0 -150.039
1370.0 -143.993
1370.0 -137.952
1370.0 -131.916
1370.0 -125.885
1370.0 -119.859
1370.0 -113.838
1370.0 -107.821
1370.0 -101.809
1370.0 -95.800
1370.0 -89.795
1370.0 -83.793
1370.0 -77.794
1370.0 -71.799
1370.0 -65.806
1370.0 -59.815
1370.0 -53.827
1370.0 -47.841
1370.0 -41.857
1370.0 -35.875
1370.0 -29.894
1370.0 -23.913
1370.0 -17.934
1370.0 -11.956
1370.0 -5.978
1370.0 0.0